0 0.221875 0.51015625 0.21015625 0.128125
0 0.803125 0.73046875 0.246875 0.128125
0 0.83828125 0.59453125 0.25 0.1234375
0 0.66328125 0.3234375 0.19296875 0.0515625
0 0.44296875 0.4234375 0.21328125 0.0765625
0 0.56171875 0.53828125 0.1703125 0.10234375
0 0.58671875 0.40546875 0.1796875 0.1125
0 0.421875 0.3484375 0.15 0.0921875
0 0.771875 0.428125 0.16328125 0.0765625
0 0.8765625 0.4875 0.16015625 0.06171875
0 0.33984375 0.46171875 0.16640625 0.06171875
0 0.39140625 0.64609375 0.1234375 0.0515625
0 0.5 0.66953125 0.13984375 0.0765625
0 0.596875 0.6359375 0.1203125 0.071875