0 0.4265625 0.096875 0.21015625 0.18203125
0 0.30625 0.21328125 0.6046875 0.25546875
0 0.7765625 0.1734375 0.4265625 0.1875
0 0.80546875 0.32421875 0.3890625 0.1703125
0 0.7515625 0.48828125 0.496875 0.26171875
0 0.68359375 0.55078125 0.6328125 0.30703125
0 0.03515625 0.39765625 0.06328125 0.1703125
0 0.134375 0.53984375 0.2625 0.11328125
0 0.3078125 0.659375 0.51015625 0.23828125
0 0.1328125 0.66171875 0.25859375 0.24453125
0 0.27265625 0.71328125 0.090625 0.1078125
0 0.3109375 0.89453125 0.40546875 0.21015625
0 0.68515625 0.82421875 0.59453125 0.27265625