0 0.51484375 0.48984375 0.2234375 0.13984375
0 0.8484375 0.86875 0.2 0.11015625
0 0.58359375 0.6328125 0.16015625 0.08515625
0 0.40859375 0.1953125 0.11640625 0.03984375
0 0.61640625 0.11484375 0.1 0.05
0 0.653125 0.2046875 0.09296875 0.03984375
0 0.5296875 0.34765625 0.09296875 0.03515625
0 0.503125 0.10234375 0.08671875 0.025
0 0.571875 0.1328125 0.08359375 0.0453125
0 0.5015625 0.18984375 0.08359375 0.03984375
0 0.4796875 0.12734375 0.06640625 0.03515625
0 0.53359375 0.4109375 0.08359375 0.03984375